((("think" .
   [1 0 0 0 0])
  ("This" .
   [1 0 0 0])
  ("software" .
   [1 0 0 0 0 0 0 0])
  ("and" .
   [4 0 0])
  ("that" .
   [2 0 0 0])
  ("company" .
   [1 0 0 0 0 0 0])
  ("with" .
   [1 0 0 0])
  ("in" .
   [3 0])
  ("you" .
   [1 0 0])
  ("trailer-container" .
   [0 0 0 0 0 0 0 0 0 0 0 1 0 0 0 0 0])
  ("margin-right" .
   [0 0 0 0 0 0 0 0 1 0 0 0])
  ("ol" .
   [1 0])
  ("ul" .
   [3 0])
  ("thumb-strip-item" .
   [0 0 0 0 0 0 0 0 0 0 0 0 0 0 1 0])
  ("margin-bottom" .
   [0 0 0 0 0 0 0 0 0 0 0 1 0])
  ("display" .
   [0 0 0 0 1 0 0])
  ("buttons-container" .
   [0 0 0 0 0 0 0 0 1 0 0 0 0 0 0 0 0])
  ("2px" .
   [1 0 0])
  ("280px" .
   [3 0 0 0 0])
  ("select" .
   [0 0 0 0 1 0])
  ("16px" .
   [1 0 0 0])
  ("search" .
   [1 0 0 0 0 0])
  ("date-select" .
   [0 0 0 0 0 1 0 1 0 0 0])
  ("last-of-type" .
   [1 0 0 0 0 0 0 0 0 0 0 0])
  ("250px" .
   [2 0 0 0 0])
  ("width" .
   [0 0 0 1 1])
  ("500px" .
   [1 0 0 0 0])
  ("12px" .
   [2 0 0 0])
  ("padding-top" .
   [0 0 0 0 0 0 0 0 0 1 0])
  ("100%" .
   [3 0 0 0])
  ("13px" .
   [1 0 0 0])
  ("font-size" .
   [0 0 0 0 0 0 0 0 2])
  ("has-location" .
   [1 0 0 0 0 0 0 0 0 0 0 0])
  ("showtimes-map" .
   [3 0 0 0 0 0 0 0 0 0 0 1 0])
  ("showtimes" .
   [1 0 0 0 0 0 0 0 4])
  ("70%" .
   [1 0 0])))
